               Isoch channel 0 ACTIVE at 020:0100:1446 (CT 020:0100), speed s400
020:0100:1446  Isoch channel 0, tag 1, sy 0, size 8 [actual 8] s400
               0000   00070000 90ffffff
020:0101:1446  Isoch channel 0, tag 1, sy 0, size 232 [actual 232] s400
               0000   00070000 900297a6 40000000 40000000
               0010   40000000 40000000 40000000 40000000
               0020   80000000 40000000 40000000 40000000
               0030   40000000 40000000 40000000 80000000
               0040   40000000 40000000 40000000 40000000
               0050   40000000 40000000 80000000 40000000
               0060   40000000 40000000 40000000 40000000
               0070   40000000 80000000 40000000 40000000
               0080   40000000 40000000 40000000 40000000
               0090   80000000 40000000 40000000 40000000
               00a0   40000000 40000000 40000000 80000000
               00b0   40000000 40000000 40000000 40000000
               00c0   40000000 40000000 80000000 40000000
               00d0   40000000 40000000 40000000 40000000
               00e0   40000000 80000000
020:0102:1446  Isoch channel 0, tag 1, sy 0, size 232 [actual 232] s400
               0000   00070008 9002aba6 40000000 40000000
               0010   40000000 40000000 40000000 40000000
               0020   80000000 40000000 40000000 40000000
               0030   40000000 40000000 40000000 80000000
               0040   40000000 40000000 40000000 40000000
               0050   40000000 40000000 80000000 40000000
               0060   40000000 40000000 40000000 40000000
               0070   40000000 80000000 40000000 40000000
               0080   40000000 40000000 40000000 40000000
               0090   80000000 40000000 40000000 40000000
               00a0   40000000 40000000 40000000 80000000
               00b0   40000000 40000000 40000000 40000000
               00c0   40000000 40000000 80000000 40000000
               00d0   40000000 40000000 40000000 40000000
               00e0   40000000 80000000
020:0103:1446  Isoch channel 0, tag 1, sy 0, size 232 [actual 232] s400
               0000   00070010 9002c3a6 40000000 40000000
               0010   40000000 40000000 40000000 40000000
               0020   80000000 40000000 40000000 40000000
               0030   40000000 40000000 40000000 80000000
               0040   40000000 40000000 40000000 40000000
               0050   40000000 40000000 80000000 40000000
               0060   40000000 40000000 40000000 40000000
               0070   40000000 80000000 40000000 40000000
               0080   40000000 40000000 40000000 40000000
               0090   80000000 40000000 40000000 40000000
               00a0   40000000 40000000 40000000 80000000
               00b0   40000000 40000000 40000000 40000000
               00c0   40000000 40000000 80000000 40000000
               00d0   40000000 40000000 40000000 40000000
               00e0   40000000 80000000
020:0104:1446  Isoch channel 0, tag 1, sy 0, size 8 [actual 8] s400
               0000   00070018 90ffffff
020:0105:1446  Isoch channel 0, tag 1, sy 0, size 232 [actual 232] s400
               0000   00070018 9002d7a6 40000000 40000000
               0010   40000000 40000000 40000000 40000000
               0020   80000000 40000000 40000000 40000000
               0030   40000000 40000000 40000000 80000000
               0040   40000000 40000000 40000000 40000000
               0050   40000000 40000000 80000000 40000000
               0060   40000000 40000000 40000000 40000000
               0070   40000000 80000000 40000000 40000000
               0080   40000000 40000000 40000000 40000000
               0090   80000000 40000000 40000000 40000000
               00a0   40000000 40000000 40000000 80000000
               00b0   40000000 40000000 40000000 40000000
               00c0   40000000 40000000 80000000 40000000
               00d0   40000000 40000000 40000000 40000000
               00e0   40000000 80000000
020:0106:1446  Isoch channel 0, tag 1, sy 0, size 232 [actual 232] s400
               0000   00070020 9002eba6 40000000 40000000
               0010   40000000 40000000 40000000 40000000
               0020   80000000 40000000 40000000 40000000
               0030   40000000 40000000 40000000 80000000
               0040   40000000 40000000 40000000 40000000
               0050   40000000 40000000 80000000 40000000
               0060   40000000 40000000 40000000 40000000
               0070   40000000 80000000 40000000 40000000
               0080   40000000 40000000 40000000 40000000
               0090   80000000 40000000 40000000 40000000
               00a0   40000000 40000000 40000000 80000000
               00b0   40000000 40000000 40000000 40000000
               00c0   40000000 40000000 80000000 40000000
               00d0   40000000 40000000 40000000 40000000
               00e0   40000000 80000000
020:0107:1446  Isoch channel 0, tag 1, sy 0, size 232 [actual 232] s400
               0000   00070028 900203a6 40000000 40000000
               0010   40000000 40000000 40000000 40000000
               0020   80000000 40000000 40000000 40000000
               0030   40000000 40000000 40000000 80000000
               0040   40000000 40000000 40000000 40000000
               0050   40000000 40000000 80000000 40000000
               0060   40000000 40000000 40000000 40000000
               0070   40000000 80000000 40000000 40000000
               0080   40000000 40000000 40000000 40000000
               0090   80000000 40000000 40000000 40000000
               00a0   40000000 40000000 40000000 80000000
               00b0   40000000 40000000 40000000 40000000
               00c0   40000000 40000000 80000000 40000000
               00d0   40000000 40000000 40000000 40000000
               00e0   40000000 80000000
020:0108:1446  Isoch channel 0, tag 1, sy 0, size 8 [actual 8] s400
               0000   00070030 90ffffff
020:0109:1446  Isoch channel 0, tag 1, sy 0, size 232 [actual 232] s400
               0000   00070030 900217a6 40000000 40000000
               0010   40000000 40000000 40000000 40000000
               0020   80000000 40000000 40000000 40000000
               0030   40000000 40000000 40000000 80000000
               0040   40000000 40000000 40000000 40000000
               0050   40000000 40000000 80000000 40000000
               0060   40000000 40000000 40000000 40000000
               0070   40000000 80000000 40000000 40000000
               0080   40000000 40000000 40000000 40000000
               0090   80000000 40000000 40000000 40000000
               00a0   40000000 40000000 40000000 80000000
               00b0   40000000 40000000 40000000 40000000
               00c0   40000000 40000000 80000000 40000000
               00d0   40000000 40000000 40000000 40000000
               00e0   40000000 80000000
020:0110:1446  Isoch channel 0, tag 1, sy 0, size 232 [actual 232] s400
               0000   00070038 90022ba6 40000000 40000000
               0010   40000000 40000000 40000000 40000000
               0020   80000000 40000000 40000000 40000000
               0030   40000000 40000000 40000000 80000000
               0040   40000000 40000000 40000000 40000000
               0050   40000000 40000000 80000000 40000000
               0060   40000000 40000000 40000000 40000000
               0070   40000000 80000000 40000000 40000000
               0080   40000000 40000000 40000000 40000000
               0090   80000000 40000000 40000000 40000000
               00a0   40000000 40000000 40000000 80000000
               00b0   40000000 40000000 40000000 40000000
               00c0   40000000 40000000 80000000 40000000
               00d0   40000000 40000000 40000000 40000000
               00e0   40000000 80000000
020:0111:1446  Isoch channel 0, tag 1, sy 0, size 232 [actual 232] s400
               0000   00070040 900243a6 40000000 40000000
               0010   40000000 40000000 40000000 40000000
               0020   80000000 40000000 40000000 40000000
               0030   40000000 40000000 40000000 80000000
               0040   40000000 40000000 40000000 40000000
               0050   40000000 40000000 80000000 40000000
               0060   40000000 40000000 40000000 40000000
               0070   40000000 80000000 40000000 40000000
               0080   40000000 40000000 40000000 40000000
               0090   80000000 40000000 40000000 40000000
               00a0   40000000 40000000 40000000 80000000
               00b0   40000000 40000000 40000000 40000000
               00c0   40000000 40000000 80000000 40000000
               00d0   40000000 40000000 40000000 40000000
               00e0   40000000 80000000
020:0112:1446  Isoch channel 0, tag 1, sy 0, size 8 [actual 8] s400
               0000   00070048 90ffffff
020:0113:1446  Isoch channel 0, tag 1, sy 0, size 232 [actual 232] s400
               0000   00070048 900257a6 40000000 40000000
               0010   40000000 40000000 40000000 40000000
               0020   80000000 40000000 40000000 40000000
               0030   40000000 40000000 40000000 80000000
               0040   40000000 40000000 40000000 40000000
               0050   40000000 40000000 80000000 40000000
               0060   40000000 40000000 40000000 40000000
               0070   40000000 80000000 40000000 40000000
               0080   40000000 40000000 40000000 40000000
               0090   80000000 40000000 40000000 40000000
               00a0   40000000 40000000 40000000 80000000
               00b0   40000000 40000000 40000000 40000000
               00c0   40000000 40000000 80000000 40000000
               00d0   40000000 40000000 40000000 40000000
               00e0   40000000 80000000
020:0114:1446  Isoch channel 0, tag 1, sy 0, size 232 [actual 232] s400
               0000   00070050 90026ba6 40000000 40000000
               0010   40000000 40000000 40000000 40000000
               0020   80000000 40000000 40000000 40000000
               0030   40000000 40000000 40000000 80000000
               0040   40000000 40000000 40000000 40000000
               0050   40000000 40000000 80000000 40000000
               0060   40000000 40000000 40000000 40000000
               0070   40000000 80000000 40000000 40000000
               0080   40000000 40000000 40000000 40000000
               0090   80000000 40000000 40000000 40000000
               00a0   40000000 40000000 40000000 80000000
               00b0   40000000 40000000 40000000 40000000
               00c0   40000000 40000000 80000000 40000000
               00d0   40000000 40000000 40000000 40000000
               00e0   40000000 80000000
020:0115:1446  Isoch channel 0, tag 1, sy 0, size 232 [actual 232] s400
               0000   00070058 900283a6 40000000 40000000
               0010   40000000 40000000 40000000 40000000
               0020   80000000 40000000 40000000 40000000
               0030   40000000 40000000 40000000 80000000
               0040   40000000 40000000 40000000 40000000
               0050   40000000 40000000 80000000 40000000
               0060   40000000 40000000 40000000 40000000
               0070   40000000 80000000 40000000 40000000
               0080   40000000 40000000 40000000 40000000
               0090   80000000 40000000 40000000 40000000
               00a0   40000000 40000000 40000000 80000000
               00b0   40000000 40000000 40000000 40000000
               00c0   40000000 40000000 80000000 40000000
               00d0   40000000 40000000 40000000 40000000
               00e0   40000000 80000000
